   0 | [Case 1]         ((24378, 8671, 8816), (23891, 9203, 9409))
   1 | [Case 1]         ((4563, 19145, 81655), (4948, 20024, 80864))
   2 | [Case 1]         ((32123, 23631, 31494), (33149, 22897, 31009))
   3 | [Case 1]         ((77028, 54254, 68031), (77249, 53174, 67221))
   4 | [Case 1]         ((84839, 44818, 56086), (84905, 44897, 54685))
   5 | [Case 1]         ((51889, 15446, 24769), (50779, 16156, 23814))
   6 | [Case 1]         ((79777, 67887, 81662), (79029, 67987, 80170))
   7 | [Case 1]         ((28372, 92780, 26475), (27071, 91754, 26051))
   8 | [Case 1]         ((81760, 73356, 83549), (82519, 72646, 82123))
   9 | [Case 1]         ((66320, 8432, 56358), (65868, 9002, 58067))
  10 | [Case 1]         ((63095, 82032, 75182), (62911, 81016, 73558))
  11 | [Case 1]         ((87907, 30311, 40003), (89676, 29785, 40798))
  12 | [Case 1]         ((50879, 90898, 40256), (50647, 89087, 41272))
  13 | [Case 1]         ((29156, 19635, 87395), (30077, 19424, 89297))
  14 | [Case 1]         ((16577, 2744, 80280), (18238, 3393, 81487))
  15 | [Case 222]       ((87879, 29183, 38159), (87907, 30311, 40003))
  16 | [Case 1]         ((56390, 31022, 55962), (57639, 30379, 57623))
  17 | [Case 1]         ((9406, 25312, 70463), (8900, 24133, 72313))
  18 | [Case 1]         ((22487, 19467, 23743), (23033, 20299, 25777))
  19 | [Case 222]       ((23971, 18213, 25803), (23033, 20299, 25777))
  20 | [Case 1]         ((38523, 65388, 96895), (37986, 63126, 96543))
  21 | [Case 1]         ((97884, 5298, 94233), (97602, 5754, 91930))
  22 | [Case 1]         ((7624, 28194, 16581), (9429, 29753, 16310))
  23 | [Case 1]         ((94640, 23413, 31640), (95866, 22981, 33666))
  24 | [Case 1]         ((78325, 75342, 19860), (77556, 73051, 19667))
  25 | [Case 1]         ((84519, 41045, 22322), (84747, 42782, 20644))
  26 | [Case 1]         ((24531, 44596, 11118), (26354, 43278, 10042))
  27 | [Case 1]         ((16667, 58520, 83077), (15780, 60440, 81608))
  28 | [Case 1]         ((68867, 87118, 51532), (70409, 86003, 53267))
  29 | [Case 222]       ((83941, 45073, 21611), (84747, 42782, 20644))
  30 | [Case 1]         ((9719, 78353, 55450), (8629, 77098, 57562))
  31 | [Case 222]       ((81831, 41124, 22271), (84519, 41045, 22322))
  32 | [Case 1]         ((41406, 9583, 11723), (42718, 11835, 12412))
  33 | [Case 1]         ((48942, 96617, 95694), (46264, 97095, 95419))
  34 | [Case 1]         ((814, 12360, 13319), (1046, 13003, 10642))
  35 | [Case 1]         ((44327, 80083, 82821), (42458, 80225, 80761))
  36 | [Case 1]         ((38890, 93314, 87739), (39717, 95840, 88611))
  37 | [Case 1]         ((23589, 19704, 68759), (21607, 20985, 70299))
  38 | [Case 222]       ((22487, 19467, 23743), (23971, 18213, 25803))
  39 | [Case 1]         ((84525, 16669, 2859), (84019, 17494, 5543))
  40 | [Case 1]         ((49883, 76563, 9971), (49764, 78598, 7967))
  41 | [Case 1]         ((16720, 55369, 87998), (17211, 56986, 85691))
  42 | [Case 1]         ((91580, 65757, 48062), (94015, 65653, 49633))
  43 | [Case 1]         ((85170, 27665, 28695), (82380, 28460, 28506))
  44 | [Case 1]         ((10942, 63928, 40482), (13403, 64647, 39110))
  45 | [Case 1]         ((98448, 74985, 58863), (97347, 77651, 59272))
  46 | [Case 1]         ((2172, 23609, 33134), (1259, 25107, 35483))
  47 | [Case 1]         ((50679, 17541, 58807), (49807, 16326, 56255))
  48 | [Case 1]         ((98394, 30130, 76564), (96512, 27815, 76473))
  49 | [Case 1]         ((54761, 55630, 48710), (53904, 52999, 47549))
  50 | [Case 1]         ((54612, 31774, 96351), (53470, 31214, 99128))
  51 | [Case 33333]     ((16667, 58520, 83077), (17211, 56986, 85691))
  52 | [Case 1]         ((89199, 90482, 92326), (89852, 93466, 92722))
  53 | [Case 1]         ((3375, 81288, 18168), (6227, 81423, 19373))
  54 | [Case 1]         ((86966, 20600, 52396), (84120, 21848, 52483))
  55 | [Case 1]         ((83681, 63797, 59259), (84171, 66502, 60728))
  56 | [Case 222]       ((64702, 11047, 55743), (66320, 8432, 56358))
  57 | [Case 1]         ((88039, 91947, 40553), (85014, 91091, 40109))
  58 | [Case 1]         ((91447, 64363, 73595), (88558, 65641, 74103))
  59 | [Case 1]         ((31667, 13564, 83006), (29418, 15826, 82728))
  60 | [Case 1]         ((25053, 76673, 33120), (24392, 76885, 29972))
  61 | [Case 222]       ((87879, 29183, 38159), (89676, 29785, 40798))
  62 | [Case 222]       ((27071, 91754, 26051), (25034, 90866, 28422))
  63 | [Case 1]         ((12993, 57528, 39678), (14592, 58709, 42298))
  64 | [Case 1]         ((26028, 91352, 56269), (25491, 93677, 53986))
  65 | [Case 222]       ((64702, 11047, 55743), (65868, 9002, 58067))
  66 | [Case 222]       ((51412, 86211, 42741), (50647, 89087, 41272))
  67 | [Case 222]       ((81277, 42025, 25431), (81831, 41124, 22271))
  68 | [Case 1]         ((29871, 40790, 26355), (32007, 38433, 27365))
  69 | [Case 1]         ((75423, 20933, 59128), (78044, 22888, 58447))
  70 | [Case 1]         ((91579, 24335, 85116), (93385, 27151, 85231))
  71 | [Case 1]         ((7324, 83986, 42261), (6559, 87210, 41729))
  72 | [Case 222]       ((22749, 75517, 27373), (24392, 76885, 29972))
  73 | [Case 1]         ((40269, 83942, 85195), (42343, 83377, 87793))
  74 | [Case 1]         ((33363, 16830, 41341), (30837, 15078, 42822))
  75 | [Case 1]         ((39161, 11324, 54577), (37797, 8225, 55058))
  76 | [Case 222]       ((99270, 23228, 33955), (95866, 22981, 33666))
  77 | [Case 1]         ((97586, 42417, 25919), (98433, 44037, 28859))
  78 | [Case 1]         ((7636, 58221, 94779), (5650, 57474, 92000))
  79 | [Case 1]         ((58712, 7565, 62300), (59430, 8744, 59065))
  80 | [Case 1]         ((69389, 5970, 65443), (68473, 3345, 67618))
  81 | [Case 1]         ((14848, 77120, 76935), (17630, 75121, 76055))
  82 | [Case 1]         ((45295, 30313, 28699), (42506, 29921, 26553))
  83 | [Case 1]         ((60259, 51232, 27707), (59509, 48256, 29536))
  84 | [Case 1]         ((89039, 43359, 91009), (89193, 40722, 88598))
  85 | [Case 1]         ((13014, 94583, 70448), (14597, 96972, 68308))
  86 | [Case 1]         ((85165, 72756, 93244), (86884, 75010, 95436))
  87 | [Case 1]         ((94601, 10273, 84851), (97796, 10186, 83219))
  88 | [Case 1]         ((84247, 10555, 21525), (81300, 12609, 21588))
  89 | [Case 1]         ((92316, 27502, 8393), (95323, 26529, 6666))
  90 | [Case 1]         ((85826, 87155, 91616), (85464, 86061, 95033))
  91 | [Case 222]       ((14848, 77120, 76935), (11839, 75124, 76872))
  92 | [Case 1]         ((71477, 17308, 34020), (70322, 20731, 33700))
  93 | [Case 1]         ((47924, 71448, 88241), (50004, 73934, 89916))
  94 | [Case 1]         ((768, 10197, 5147), (1385, 12120, 2103))
  95 | [Case 1]         ((7939, 5447, 31944), (8100, 8123, 34449))
  96 | [Case 1]         ((72273, 25629, 79790), (74715, 24098, 82086))
  97 | [Case 1]         ((95685, 18132, 56829), (93352, 17110, 59535))
  98 | [Case 222]       ((81831, 41124, 22271), (84747, 42782, 20644))
  99 | [Case 1]         ((94279, 67943, 46602), (91580, 65757, 48062))
 100 | [Case 1]         ((79927, 69125, 30257), (81763, 68161, 33416))
 101 | [Case 1]         ((26870, 86874, 87042), (23085, 86937, 86983))
 102 | [Case 222]       ((94279, 67943, 46602), (94015, 65653, 49633))
 103 | [Case 1]         ((3297, 57607, 45399), (4412, 58126, 49028))
 104 | [Case 222]       ((43986, 11987, 16027), (42718, 11835, 12412))
 105 | [Case 222]       ((79777, 67887, 81662), (79517, 64068, 81990))
 106 | [Case 1]         ((36757, 31448, 43294), (36903, 27928, 44842))
 107 | [Case 1]         ((55973, 34327, 27500), (55187, 31408, 25113))
 108 | [Case 1]         ((57239, 8289, 79957), (59322, 7983, 83199))
 109 | [Case 1]         ((60782, 6262, 94456), (58451, 7947, 97053))
 110 | [Case 222]       ((94601, 10273, 84851), (92854, 6984, 83772))
 111 | [Case 1]         ((6385, 61379, 13827), (2676, 62359, 14402))
 112 | [Case 1]         ((26967, 63864, 65785), (26502, 64554, 69592))
 113 | [Case 1]         ((31783, 22773, 57165), (27882, 22681, 57450))
 114 | [Case 222]       ((90827, 69802, 46700), (94279, 67943, 46602))
 115 | [Case 1]         ((44277, 78631, 74257), (45104, 75752, 76799))
 116 | [Case 1]         ((52985, 30493, 77074), (49342, 30140, 75635))
 117 | [Case 1]         ((18243, 9918, 64315), (21637, 10732, 66140))
 118 | [Case 1]         ((330, 33207, 26232), (602, 34274, 30034))
 119 | [Case 222]       ((28372, 92780, 26475), (28901, 96269, 28269))
 120 | [Case 222]       ((34446, 27516, 47919), (36903, 27928, 44842))
 121 | [Case 222]       ((93385, 27151, 85231), (96985, 26279, 83742))
 122 | [Case 1]         ((16705, 34021, 21616), (18557, 37321, 20329))
 123 | [Case 1]         ((68342, 142, 43986), (66166, 3462, 44458))
 124 | [Case 1]         ((22683, 32867, 44570), (20518, 34126, 41453))
 125 | [Case 1]         ((3282, 46443, 25686), (6783, 47515, 24063))
 126 | [Case 222]       ((29999, 37673, 23804), (29871, 40790, 26355))
 127 | [Case 1]         ((20941, 15931, 80634), (24593, 14984, 79185))
 128 | [Case 1]         ((77350, 24300, 85435), (74506, 27157, 85004))
 129 | [Case 1]         ((8862, 92579, 95051), (9611, 95243, 98030))
 130 | [Case 1]         ((62511, 34454, 22028), (66203, 33324, 20613))
 131 | [Case 1]         ((77885, 38665, 18214), (77112, 41664, 15486))
 132 | [Case 222]       ((83941, 45073, 21611), (84519, 41045, 22322))
 133 | [Case 1]         ((79396, 82070, 86971), (75598, 83327, 85907))
 134 | [Case 1]         ((42987, 4475, 38792), (41456, 3160, 42417))
 135 | [Case 1]         ((7555, 79111, 42076), (4411, 76720, 43365))
 136 | [Case 222]       ((29999, 37673, 23804), (32007, 38433, 27365))
 137 | [Case 222]       ((30043, 91797, 55248), (26028, 91352, 56269))
 138 | [Case 222]       ((84757, 32772, 41189), (87907, 30311, 40003))
 139 | [Case 1]         ((39328, 30707, 80252), (35472, 29664, 81490))
 140 | [Case 1]         ((40190, 75753, 11211), (38468, 71954, 11521))
 141 | [Case 1]         ((64103, 35009, 87751), (62230, 31380, 86814))
 142 | [Case 1]         ((76503, 70972, 69830), (77719, 69111, 66268))
 143 | [Case 1]         ((77516, 37867, 8447), (79537, 34831, 10538))
 144 | [Case 1]         ((82302, 2328, 69379), (83656, 4953, 66371))
 145 | [Case 222]       ((36757, 31448, 43294), (34061, 30331, 40229))
 146 | [Case 33333]     ((74715, 24098, 82086), (74506, 27157, 85004))
 147 | [Case 1]         ((65342, 53512, 50487), (67318, 52098, 53967))
 148 | [Case 1]         ((63223, 39329, 30263), (66827, 37092, 30628))
 149 | [Case 222]       ((74715, 24098, 82086), (77350, 24300, 85435))
 150 | [Case 222]       ((67318, 52098, 53967), (68627, 48185, 52853))
 151 | [Case 1]         ((40668, 35949, 92624), (40445, 39894, 94277))
 152 | [Case 222]       ((28372, 92780, 26475), (25034, 90866, 28422))
 153 | [Case 222]       ((22749, 75517, 27373), (25525, 72562, 28879))
 154 | [Case 222]       ((90827, 69802, 46700), (91580, 65757, 48062))
 155 | [Case 1]         ((78991, 8829, 87148), (76687, 5465, 85663))
 156 | [Case 222]       ((79517, 64068, 81990), (79029, 67987, 80170))
 157 | [Case 1]         ((43142, 25348, 91689), (43301, 26191, 87425))
 158 | [Case 222]       ((28901, 96269, 28269), (26157, 99635, 28726))
 159 | [Case 1]         ((35276, 15066, 12005), (32930, 18680, 12738))
 160 | [Case 1]         ((16077, 80138, 28335), (18250, 80273, 24518))
 161 | [Case 222]       ((92522, 24250, 36248), (95866, 22981, 33666))
 162 | [Case 1]         ((32919, 58002, 70330), (34729, 58048, 74365))
 163 | [Case 222]       ((2676, 62359, 14402), (2245, 58739, 11891))
 164 | [Case 1]         ((70085, 63350, 17884), (65671, 62966, 18020))
 165 | [Case 1]         ((18088, 92122, 61571), (18700, 92529, 65943))
 166 | [Case 222]       ((89626, 26125, 88684), (91579, 24335, 85116))
 167 | [Case 1]         ((86238, 46158, 46327), (88262, 50113, 46200))
 168 | [Case 222]       ((21219, 17098, 20196), (22487, 19467, 23743))
 169 | [Case 222]       ((31667, 13564, 83006), (33833, 15312, 79530))
 170 | [Case 222]       ((79029, 67987, 80170), (75265, 68549, 82505))
 171 | [Case 222]       ((28006, 89891, 31612), (25034, 90866, 28422))
 172 | [Case 1]         ((28117, 74817, 89250), (23650, 75114, 89410))
 173 | [Case 222]       ((78991, 8829, 87148), (79986, 11910, 90253))
 174 | [Case 1]         ((30566, 83958, 45950), (32147, 87500, 43671))
 175 | [Case 1]         ((98073, 93433, 71746), (97253, 97720, 72902))
 176 | [Case 1]         ((39472, 59409, 36872), (40880, 55241, 37903))
 177 | [Case 1]         ((98892, 75420, 38088), (96001, 72537, 40036))
 178 | [Case 222]       ((83941, 45073, 21611), (81831, 41124, 22271))
 179 | [Case 1]         ((19493, 34222, 9676), (20176, 37261, 12962))
 180 | [Case 1]         ((5631, 37147, 78318), (2220, 36826, 81279))
 181 | [Case 222]       ((81760, 73356, 83549), (84246, 76081, 86177))
 182 | [Case 1]         ((50145, 43932, 3457), (45867, 42929, 4707))
 183 | [Case 1]         ((88627, 81320, 88282), (89624, 77279, 86395))
 184 | [Case 1]         ((20105, 65555, 46276), (15878, 64219, 47401))
 185 | [Case 1]         ((17797, 63649, 5421), (13973, 62376, 3247))
 186 | [Case 1]         ((18115, 98335, 83924), (17038, 95461, 87324))
 187 | [Case 222]       ((5693, 64363, 10400), (6385, 61379, 13827))
 188 | [Case 222]       ((81277, 42025, 25431), (84519, 41045, 22322))
 189 | [Case 1]         ((87918, 68501, 91208), (89142, 68401, 86775))
 190 | [Case 222]       ((25525, 72562, 28879), (24392, 76885, 29972))
 191 | [Case 1]         ((94339, 74629, 13149), (98505, 75480, 14928))
 192 | [Case 222]       ((37801, 348, 42430), (41456, 3160, 42417))
 193 | [Case 222]       ((79348, 24466, 89590), (77350, 24300, 85435))
 194 | [Case 1]         ((91944, 23556, 92569), (94781, 22356, 89130))
 195 | [Case 1]         ((19804, 32996, 78873), (16042, 30571, 80036))
 196 | [Case 1]         ((13391, 43939, 50050), (13157, 47714, 47379))
 197 | [Case 222]       ((16408, 58445, 2949), (13973, 62376, 3247))
 198 | [Case 222]       ((79777, 67887, 81662), (75265, 68549, 82505))
 199 | [Case 1]         ((63390, 87479, 99171), (59816, 90407, 99635))
 200 | [Case 222]       ((15168, 81754, 21365), (18250, 80273, 24518))
 201 | [Case 1]         ((55724, 46216, 85706), (51593, 44139, 86258))
 202 | [Case 222]       ((85322, 8463, 68946), (83656, 4953, 66371))
 203 | [Case 222]       ((8987, 73669, 60701), (8629, 77098, 57562))
 204 | [Case 222]       ((45647, 1510, 36341), (42987, 4475, 38792))
 205 | [Case 1]         ((78937, 33955, 65028), (77718, 29802, 66815))
 206 | [Case 222]       ((23982, 17818, 30473), (23971, 18213, 25803))
 207 | [Case 1]         ((28708, 53187, 19194), (28416, 48533, 19710))
 208 | [Case 222]       ((15878, 64219, 47401), (13987, 67227, 50467))
 209 | [Case 222]       ((23982, 17818, 30473), (23987, 18134, 35158))
 210 | [Case 1]         ((6791, 58359, 75467), (10517, 55801, 76775))
 211 | [Case 222]       ((40269, 83942, 85195), (42633, 86696, 82199))
 212 | [Case 222]       ((58565, 29759, 62217), (57639, 30379, 57623))
 213 | [Case 1]         ((50121, 54956, 77726), (52677, 52481, 80848))
 214 | [Case 1]         ((96086, 8028, 6416), (94949, 3440, 6846))
 215 | [Case 1]         ((40845, 78442, 59344), (43482, 81945, 61193))
 216 | [Case 222]       ((59322, 7983, 83199), (61796, 10047, 86707))
 217 | [Case 1]         ((21804, 868, 65167), (23927, 5139, 64991))
 218 | [Case 222]       ((96116, 63481, 74083), (91447, 64363, 73595))
 219 | [Case 222]       ((85810, 50288, 50300), (88262, 50113, 46200))
 220 | [Case 1]         ((96849, 97043, 40117), (95625, 96556, 35514))
 221 | [Case 33333]     ((89199, 90482, 92326), (85826, 87155, 91616))
 222 | [Case 222]       ((33833, 15312, 79530), (35368, 16207, 75071))
 223 | [Case 1]         ((39001, 3690, 7239), (39426, 3613, 2427))
 224 | [Case 1]         ((75112, 26678, 3725), (72076, 30317, 2779))
 225 | [Case 1]         ((96209, 53766, 30815), (96542, 54416, 26018))
 226 | [Case 222]       ((57828, 30814, 51314), (56390, 31022, 55962))
 227 | [Case 1]         ((66652, 20538, 94963), (67099, 15701, 95377))
 228 | [Case 33333]     ((7555, 79111, 42076), (7324, 83986, 42261))
 229 | [Case 222]       ((30996, 86059, 31116), (28006, 89891, 31612))
 230 | [Case 1]         ((25424, 36880, 26619), (21724, 39432, 24701))
 231 | [Case 222]       ((47949, 12251, 24612), (50779, 16156, 23814))
 232 | [Case 1]         ((97423, 98668, 25380), (92858, 99813, 26724))
 233 | [Case 1]         ((25386, 67829, 80021), (29986, 66128, 80237))
 234 | [Case 1]         ((41777, 94440, 51798), (39486, 90100, 52085))
 235 | [Case 1]         ((42012, 64287, 45613), (46498, 66174, 44883))
 236 | [Case 1]         ((3793, 69692, 61987), (1773, 67787, 57921))
 237 | [Case 1]         ((76887, 33336, 83846), (76648, 36754, 87384))
 238 | [Case 222]       ((96330, 49795, 27743), (96542, 54416, 26018))
 239 | [Case 1]         ((42492, 42797, 26851), (37872, 41021, 26639))
 240 | [Case 222]       ((79348, 24466, 89590), (82688, 28095, 90062))
 241 | [Case 1]         ((13386, 74408, 88722), (10672, 73139, 84766))
 242 | [Case 1]         ((73722, 31916, 17090), (72488, 28302, 20259))
 243 | [Case 222]       ((96086, 8028, 6416), (92701, 11033, 8492))
 244 | [Case 1]         ((46151, 91733, 95847), (44633, 86999, 95354))
 245 | [Case 222]       ((18115, 98335, 83924), (15695, 98298, 79553))
 246 | [Case 222]       ((32756, 99473, 28151), (28901, 96269, 28269))
 247 | [Case 222]       ((96209, 53766, 30815), (96330, 49795, 27743))
 248 | [Case 222]       ((33421, 11122, 44534), (30837, 15078, 42822))
 249 | [Case 222]       ((91162, 20169, 33286), (94640, 23413, 31640))
 250 | [Case 1]         ((21244, 48120, 664), (16252, 48321, 40))
 251 | [Case 222]       ((91944, 23556, 92569), (90645, 18837, 93805))
 252 | [Case 1]         ((29667, 60799, 34449), (25912, 57833, 32832))
 253 | [Case 222]       ((99659, 98325, 33041), (95625, 96556, 35514))
 254 | [Case 1]         ((82418, 74175, 51260), (86309, 76577, 53407))
 255 | [Case 1]         ((48304, 23633, 68219), (48751, 28626, 68887))
 256 | [Case 222]       ((48122, 24869, 90891), (43142, 25348, 91689))
 257 | [Case 222]       ((58712, 7565, 62300), (58039, 12150, 64350))
 258 | [Case 222]       ((47949, 12251, 24612), (51889, 15446, 24769))
 259 | [Case 222]       ((30043, 91797, 55248), (25491, 93677, 53986))
 260 | [Case 222]       ((6559, 87210, 41729), (8593, 90771, 38718))
 261 | [Case 1]         ((28847, 54257, 51118), (30140, 59180, 51191))
 262 | [Case 1]         ((59433, 86652, 68565), (61438, 86671, 63883))
 263 | [Case 1]         ((65667, 33114, 60925), (67042, 31004, 65372))
 264 | [Case 1]         ((81645, 13564, 56356), (80130, 15862, 52047))
 265 | [Case 222]       ((73573, 27898, 25244), (72488, 28302, 20259))
 266 | [Case 1]         ((41245, 41537, 72873), (44745, 37889, 73746))
 267 | [Case 222]       ((92522, 24250, 36248), (94640, 23413, 31640))
 268 | [Case 1]         ((33160, 43599, 39161), (29389, 46222, 41476))
 269 | [Case 222]       ((5563, 67180, 54475), (1773, 67787, 57921))
 270 | [Case 222]       ((99270, 23228, 33955), (94640, 23413, 31640))
 271 | [Case 222]       ((79339, 68769, 73567), (76503, 70972, 69830))
 272 | [Case 222]       ((20176, 37261, 12962), (23130, 35492, 16852))
 273 | [Case 222]       ((25924, 43803, 24817), (29871, 40790, 26355))
 274 | [Case 33333]     ((91944, 23556, 92569), (89626, 26125, 88684))
 275 | [Case 1]         ((14658, 74668, 14767), (10746, 71400, 15813))
 276 | [Case 222]       ((89626, 26125, 88684), (93385, 27151, 85231))
 277 | [Case 222]       ((45104, 75752, 76799), (39893, 75693, 76748))
 278 | [Case 222]       ((65200, 65946, 22271), (65671, 62966, 18020))
 279 | [Case 1]         ((1552, 11836, 30954), (1580, 17045, 31226))
 280 | [Case 222]       ((92522, 24250, 36248), (91162, 20169, 33286))
 281 | [Case 1]         ((72863, 67511, 53244), (75774, 67140, 48882))
 282 | [Case 222]       ((48977, 22052, 63240), (48304, 23633, 68219))
 283 | [Case 1]         ((45355, 91180, 77658), (43867, 92785, 82458))
 284 | [Case 222]       ((6385, 61379, 13827), (2245, 58739, 11891))
 285 | [Case 222]       ((85287, 81625, 54578), (86309, 76577, 53407))
 286 | [Case 222]       ((86976, 25288, 93185), (89626, 26125, 88684))
 287 | [Case 1]         ((31917, 45229, 89859), (29798, 48407, 86196))
 288 | [Case 222]       ((91944, 23556, 92569), (86976, 25288, 93185))
 289 | [Case 1]         ((18617, 21317, 38820), (18407, 21627, 44110))
 290 | [Case 222]       ((15780, 60440, 81608), (15478, 65705, 80888))
 291 | [Case 1]         ((98680, 97311, 67023), (98305, 92074, 66135))
 292 | [Case 222]       ((50879, 90898, 40256), (51412, 86211, 42741))
 293 | [Case 222]       ((69389, 5970, 65443), (64933, 8526, 64002))
 294 | [Case 222]       ((19804, 32996, 78873), (21655, 32525, 83863))
 295 | [Case 222]       ((330, 33207, 26232), (5482, 34193, 27266))
 296 | [Case 222]       ((28901, 96269, 28269), (27071, 91754, 26051))
 297 | [Case 222]       ((52985, 30493, 77074), (56140, 31963, 72997))
 298 | [Case 222]       ((87261, 15497, 9325), (84019, 17494, 5543))
 299 | [Case 222]       ((91019, 31306, 88306), (89626, 26125, 88684))
 300 | [Case 33333]     ((46151, 91733, 95847), (46264, 97095, 95419))
 301 | [Case 1]         ((16466, 13685, 49674), (11751, 12906, 47175))
 302 | [Case 222]       ((23982, 17818, 30473), (23033, 20299, 25777))
 303 | [Case 222]       ((5693, 64363, 10400), (2676, 62359, 14402))
 304 | [Case 222]       ((11490, 4261, 81335), (16577, 2744, 80280))
 305 | [Case 1]         ((41132, 73317, 39761), (39020, 70123, 43587))
 306 | [Case 1]         ((46034, 855, 55590), (43102, 5408, 55528))
 307 | [Case 1]         ((60106, 97589, 92647), (64088, 95524, 89608))
 308 | [Case 33333]     ((25424, 36880, 26619), (29999, 37673, 23804))
 309 | [Case 222]       ((4412, 58126, 49028), (7766, 54505, 51313))
 310 | [Case 222]       ((6791, 58359, 75467), (2853, 56042, 78418))
 311 | [Case 1]         ((69425, 60079, 4006), (74695, 59300, 2908))
 312 | [Case 222]       ((25924, 43803, 24817), (24295, 44659, 19695))
 313 | [Case 1]         ((98176, 75932, 75482), (92927, 75636, 76960))
 314 | [Case 33333]     ((85165, 72756, 93244), (87918, 68501, 91208))
 315 | [Case 222]       ((330, 33207, 26232), (532, 30600, 21434))
 316 | [Case 222]       ((7555, 79111, 42076), (7562, 77082, 36996))
 317 | [Case 222]       ((85287, 81625, 54578), (81242, 81804, 50899))
 318 | [Case 1]         ((89278, 34576, 4973), (93410, 36900, 7712))
 319 | [Case 222]       ((29418, 15826, 82728), (33833, 15312, 79530))
 320 | [Case 1]         ((96994, 71796, 2773), (98864, 76785, 4044))
 321 | [Case 1]         ((82730, 82061, 6736), (87089, 84404, 9087))
 322 | [Case 222]       ((91162, 20169, 33286), (95866, 22981, 33666))
 323 | [Case 222]       ((11839, 75124, 76872), (13467, 69899, 77356))
 324 | [Case 1]         ((61138, 19554, 11188), (57360, 15711, 10095))
 325 | [Case 222]       ((94781, 22356, 89130), (91579, 24335, 85116))
 326 | [Case 33333]     ((79777, 67887, 81662), (82519, 72646, 82123))
 327 | [Case 33333]     ((89624, 77279, 86395), (84246, 76081, 86177))
 328 | [Case 1]         ((86542, 80126, 82815), (89624, 77279, 86395))
 329 | [Case 1]         ((18021, 7614, 43928), (21179, 10922, 40832))
 330 | [Case 222]       ((4070, 35078, 21992), (5482, 34193, 27266))
 331 | [Case 222]       ((15780, 60440, 81608), (17211, 56986, 85691))
 332 | [Case 222]       ((95625, 96556, 35514), (99468, 92618, 36194))
 333 | [Case 1]         ((52540, 60424, 58974), (50855, 64517, 55627))
 334 | [Case 222]       ((43986, 11987, 16027), (41406, 9583, 11723))
 335 | [Case 222]       ((81277, 42025, 25431), (83941, 45073, 21611))
 336 | [Case 1]         ((63415, 34654, 98147), (64442, 29220, 98816))
 337 | [Case 1]         ((77608, 55827, 42255), (74166, 59398, 44804))
 338 | [Case 222]       ((23085, 86937, 86983), (21657, 84294, 91688))
 339 | [Case 222]       ((82519, 72646, 82123), (84246, 76081, 86177))
 340 | [Case 222]       ((27322, 81956, 30147), (30996, 86059, 31116))
 341 | [Case 222]       ((41245, 41537, 72873), (44717, 45687, 71437))
 342 | [Case 222]       ((602, 34274, 30034), (5482, 34193, 27266))
 343 | [Case 222]       ((48942, 96617, 95694), (46151, 91733, 95847))
 344 | [Case 1]         ((55687, 39207, 14530), (54976, 33660, 13882))
 345 | [Case 222]       ((84757, 32772, 41189), (87879, 29183, 38159))
 346 | [Case 222]       ((57239, 8289, 79957), (55436, 12754, 77018))
 347 | [Case 1]         ((80235, 4990, 55822), (75332, 3757, 58329))
 348 | [Case 1]         ((47334, 42313, 15272), (47660, 47949, 15349))
 349 | [Case 222]       ((43692, 87112, 58903), (43482, 81945, 61193))
 350 | [Case 33333]     ((28416, 48533, 19710), (24295, 44659, 19695))
 351 | [Case 222]       ((9460, 45760, 43556), (13157, 47714, 47379))
 352 | [Case 1]         ((11441, 15522, 70001), (16703, 15738, 67863))
 353 | [Case 222]       ((91019, 31306, 88306), (93385, 27151, 85231))
 354 | [Case 222]       ((16466, 13685, 49674), (16542, 11033, 54719))
 355 | [Case 222]       ((6258, 55197, 99423), (7636, 58221, 94779))
 356 | [Case 1]         ((10424, 94724, 19596), (7823, 91205, 23269))
 357 | [Case 222]       ((55436, 12754, 77018), (49723, 12814, 77144))
 358 | [Case 222]       ((85287, 81625, 54578), (87237, 85405, 58405))
 359 | [Case 222]       ((31783, 22773, 57165), (32016, 26275, 61686))
 360 | [Case 1]         ((46755, 64345, 72771), (50648, 68250, 74319))
 361 | [Case 222]       ((4070, 35078, 21992), (532, 30600, 21434))
 362 | [Case 33333]     ((86542, 80126, 82815), (84246, 76081, 86177))
 363 | [Case 222]       ((86238, 46158, 46327), (85810, 50288, 50300))
 364 | [Case 1]         ((90740, 9843, 22753), (89591, 12886, 27491))
 365 | [Case 1]         ((45980, 37733, 86899), (49869, 34205, 89284))
 366 | [Case 222]       ((99558, 58869, 23936), (96542, 54416, 26018))
 367 | [Case 222]       ((84757, 32772, 41189), (89676, 29785, 40798))
 368 | [Case 222]       ((73909, 49777, 63959), (77249, 53174, 67221))
 369 | [Case 33333]     ((98073, 93433, 71746), (98305, 92074, 66135))
 370 | [Case 1]         ((82492, 24709, 11589), (76750, 24373, 12147))
 371 | [Case 1]         ((82527, 67002, 5442), (78464, 64558, 2111))
 372 | [Case 33333]     ((18557, 37321, 20329), (21724, 39432, 24701))
 373 | [Case 1]         ((97292, 35580, 61615), (94239, 38774, 57860))
 374 | [Case 222]       ((79517, 64068, 81990), (83874, 60492, 80513))
 375 | [Case 222]       ((44028, 17019, 55871), (49807, 16326, 56255))
 376 | [Case 222]       ((44277, 78631, 74257), (39893, 75693, 76748))
 377 | [Case 33333]     ((15478, 65705, 80888), (13467, 69899, 77356))
 378 | [Case 222]       ((16667, 58520, 83077), (16720, 55369, 87998))
 379 | [Case 222]       ((11839, 75124, 76872), (17630, 75121, 76055))
 380 | [Case 1]         ((8854, 18274, 88147), (10015, 14899, 83513))
 381 | [Case 33333]     ((27322, 81956, 30147), (24392, 76885, 29972))
 382 | [Case 222]       ((72273, 25629, 79790), (74506, 27157, 85004))
 383 | [Case 1]         ((43039, 91569, 27101), (38286, 88718, 29055))
 384 | [Case 1]         ((43287, 87873, 20836), (47880, 86141, 17582))
 385 | [Case 222]       ((54822, 98690, 95015), (60106, 97589, 92647))
 386 | [Case 1]         ((37786, 32761, 24432), (42506, 29921, 26553))
 387 | [Case 222]       ((28372, 92780, 26475), (28006, 89891, 31612))
 388 | [Case 222]       ((91579, 24335, 85116), (96985, 26279, 83742))
 389 | [Case 222]       ((30464, 28405, 78610), (35472, 29664, 81490))
 390 | [Case 1]         ((9423, 14210, 34089), (9375, 18576, 38078))
 391 | [Case 222]       ((92854, 6984, 83772), (97796, 10186, 83219))
 392 | [Case 222]       ((15695, 98298, 79553), (11416, 94315, 78595))
 393 | [Case 222]       ((25053, 76673, 33120), (25525, 72562, 28879))
 394 | [Case 222]       ((17797, 63649, 5421), (16408, 58445, 2949))
 395 | [Case 222]       ((34061, 30331, 40229), (36903, 27928, 44842))
 396 | [Case 222]       ((25424, 36880, 26619), (29871, 40790, 26355))
 397 | [Case 222]       ((16466, 13685, 49674), (18481, 19260, 49858))
 398 | [Case 222]       ((28006, 89891, 31612), (27071, 91754, 26051))
 399 | [Case 222]       ((330, 33207, 26232), (4070, 35078, 21992))
 400 | [Case 222]       ((81277, 42025, 25431), (84747, 42782, 20644))
 401 | [Case 222]       ((86542, 80126, 82815), (88627, 81320, 88282))
 402 | [Case 1]         ((49000, 20747, 16610), (51492, 24119, 20873))
 403 | [Case 222]       ((1562, 68234, 14283), (2676, 62359, 14402))
 404 | [Case 1]         ((69598, 35360, 9791), (65681, 34253, 5404))
 405 | [Case 222]       ((26049, 18139, 44718), (30837, 15078, 42822))
 406 | [Case 222]       ((90827, 69802, 46700), (94015, 65653, 49633))
 407 | [Case 33333]     ((86976, 25288, 93185), (82688, 28095, 90062))
 408 | [Case 222]       ((50779, 16156, 23814), (51139, 14589, 18029))
 409 | [Case 222]       ((60782, 6262, 94456), (60103, 395, 93349))
 410 | [Case 222]       ((68473, 3345, 67618), (74063, 1274, 66797))
 411 | [Case 222]       ((98394, 30130, 76564), (96092, 35664, 75968))
 412 | [Case 33333]     ((37797, 8225, 55058), (43102, 5408, 55528))
 413 | [Case 222]       ((64933, 8526, 64002), (65868, 9002, 58067))
 414 | [Case 33333]     ((18557, 37321, 20329), (23130, 35492, 16852))
 415 | [Case 33333]     ((29156, 19635, 87395), (29418, 15826, 82728))
 416 | [Case 1]         ((15186, 27776, 96602), (17976, 31515, 92776))
 417 | [Case 1]         ((41255, 50254, 83835), (42284, 46996, 78862))
 418 | [Case 222]       ((5735, 12688, 47695), (11751, 12906, 47175))
 419 | [Case 33333]     ((29418, 15826, 82728), (24593, 14984, 79185))
 420 | [Case 1]         ((97754, 53864, 55468), (96253, 48261, 57172))
 421 | [Case 1]         ((40502, 26086, 9653), (35488, 27107, 6433))
 422 | [Case 222]       ((39328, 30707, 80252), (38449, 27306, 75325))
 423 | [Case 1]         ((55138, 56095, 91850), (56010, 58426, 86326))
 424 | [Case 222]       ((25924, 43803, 24817), (21724, 39432, 24701))
 425 | [Case 222]       ((98680, 97311, 67023), (97253, 97720, 72902))
 426 | [Case 222]       ((49683, 5690, 55928), (46034, 855, 55590))
 427 | [Case 1]         ((27796, 78204, 78271), (23087, 81460, 80305))
 428 | [Case 33333]     ((40269, 83942, 85195), (44327, 80083, 82821))
 429 | [Case 1]         ((96781, 15627, 26322), (97803, 9680, 25555))
 430 | [Case 222]       ((48122, 24869, 90891), (43301, 26191, 87425))
 431 | [Case 1]         ((94339, 74629, 13149), (91715, 79796, 15038))
 432 | [Case 1]         ((99208, 64020, 97228), (94327, 67660, 96875))
 433 | [Case 222]       ((86238, 46158, 46327), (89936, 41989, 43837))
 434 | [Case 1]         ((38140, 9182, 86442), (35308, 6506, 91154))
 435 | [Case 222]       ((81760, 73356, 83549), (79777, 67887, 81662))
 436 | [Case 222]       ((91675, 13373, 64077), (93352, 17110, 59535))
 437 | [Case 222]       ((39472, 59409, 36872), (35673, 56989, 32731))
 438 | [Case 1]         ((15660, 75914, 37229), (19020, 72108, 40649))
 439 | [Case 222]       ((58734, 12813, 93331), (58451, 7947, 97053))
 440 | [Case 1]         ((36686, 78305, 72207), (38101, 81086, 66920))
 441 | [Case 222]       ((23589, 19704, 68759), (29132, 20134, 66154))
 442 | [Case 222]       ((79029, 67987, 80170), (82519, 72646, 82123))
 443 | [Case 222]       ((98680, 97311, 67023), (98073, 93433, 71746))
 444 | [Case 33333]     ((39893, 75693, 76748), (36686, 78305, 72207))
 445 | [Case 222]       ((82730, 82061, 6736), (82023, 80202, 12550))
 446 | [Case 1]         ((28383, 90040, 68983), (24986, 93282, 72952))
 447 | [Case 33333]     ((23927, 5139, 64991), (21637, 10732, 66140))
 448 | [Case 1]         ((48930, 72146, 66679), (43580, 71375, 69632))
 449 | [Case 222]       ((64045, 32498, 33659), (66827, 37092, 30628))
 450 | [Case 33333]     ((77885, 38665, 18214), (81831, 41124, 22271))
 451 | [Case 33333]     ((1046, 13003, 10642), (768, 10197, 5147))
 452 | [Case 222]       ((40269, 83942, 85195), (42458, 80225, 80761))
 453 | [Case 222]       ((38699, 60981, 78095), (34729, 58048, 74365))
 454 | [Case 1]         ((63176, 51005, 21009), (62199, 44906, 21394))
 455 | [Case 1]         ((69531, 78027, 1534), (71630, 83648, 3051))
 456 | [Case 1]         ((59769, 84237, 16609), (59345, 89368, 20044))
 457 | [Case 1]         ((33155, 36401, 49666), (27097, 37539, 49074))
 458 | [Case 222]       ((37986, 63126, 96543), (40983, 57702, 96670))
 459 | [Case 222]       ((79517, 64068, 81990), (75265, 68549, 82505))
 460 | [Case 1]         ((55866, 85507, 87621), (51862, 83380, 83386))
 461 | [Case 1]         ((43898, 55843, 83140), (49108, 54152, 86067))
 462 | [Case 33333]     ((18481, 19260, 49858), (18407, 21627, 44110))
 463 | [Case 33333]     ((42633, 86696, 82199), (43867, 92785, 82458))
 464 | [Case 33333]     ((41255, 50254, 83835), (43898, 55843, 83140))
 465 | [Case 222]       ((50145, 43932, 3457), (49973, 37716, 3667))
 466 | [Case 33333]     ((96330, 49795, 27743), (98433, 44037, 28859))
 467 | [Case 222]       ((87887, 72353, 41829), (90827, 69802, 46700))
 468 | [Case 1]         ((24160, 13764, 60694), (27938, 8896, 61658))
 469 | [Case 222]       ((8100, 8123, 34449), (9423, 14210, 34089))
 470 | [Case 222]       ((69389, 5970, 65443), (70343, 10057, 70075))
 471 | [Case 222]       ((38828, 32104, 9941), (40502, 26086, 9653))
 472 | [Case 1]         ((87845, 7030, 30673), (86424, 1010, 29701))
 473 | [Case 222]       ((26870, 86874, 87042), (27698, 92333, 84080))
 474 | [Case 1]         ((35061, 38109, 68705), (29755, 35981, 71270))
 475 | [Case 222]       ((86424, 1010, 29701), (81724, 1064, 25554))
 476 | [Case 1]         ((54822, 98690, 95015), (48942, 96617, 95694))
 477 | [Case 222]       ((87261, 15497, 9325), (92110, 16433, 13196))
 478 | [Case 222]       ((27796, 78204, 78271), (31491, 73798, 80791))
 479 | [Case 222]       ((43580, 71375, 69632), (41355, 69357, 75152))
 480 | [Case 222]       ((44327, 80083, 82821), (42343, 83377, 87793))
 481 | [Case 222]       ((21244, 48120, 664), (27320, 48911, 2066))
 482 | [Case 222]       ((33160, 43599, 39161), (36627, 39399, 42301))
 483 | [Case 222]       ((3245, 76163, 61347), (8987, 73669, 60701))
 484 | [Case 222]       ((25053, 76673, 33120), (22749, 75517, 27373))
 485 | [Case 222]       ((20518, 34126, 41453), (17318, 39146, 39372))
 486 | [Case 1]         ((4546, 45665, 38095), (1855, 40578, 40676))
 487 | [Case 1]         ((95254, 63286, 61506), (92061, 58741, 64502))
 488 | [Case 222]       ((50679, 17541, 58807), (47087, 14206, 62787))
 489 | [Case 222]       ((99912, 31560, 65734), (97292, 35580, 61615))
 490 | [Case 222]       ((57828, 30814, 51314), (57639, 30379, 57623))
 491 | [Case 1]         ((26683, 73845, 13775), (24143, 74922, 19470))
 492 | [Case 222]       ((75598, 83327, 85907), (70677, 85523, 82584))
 493 | [Case 222]       ((94781, 22356, 89130), (93385, 27151, 85231))
 494 | [Case 222]       ((53866, 49716, 27046), (59509, 48256, 29536))
 495 | [Case 1]         ((73163, 78092, 57195), (74786, 72169, 58764))
 496 | [Case 222]       ((21219, 17098, 20196), (23971, 18213, 25803))
 497 | [Case 222]       ((65342, 53512, 50487), (63016, 58611, 47486))
 498 | [Case 222]       ((272, 39922, 32944), (602, 34274, 30034))
 499 | [Case 1]         ((44589, 70099, 1123), (45155, 66725, 6488))
 500 | [Case 1]         ((20924, 40938, 94352), (23887, 36240, 91247))
 501 | [Case 222]       ((31917, 45229, 89859), (27376, 41549, 87340))
 502 | [Case 222]       ((56140, 31963, 72997), (62448, 31539, 73836))
 503 | [Case 222]       ((89199, 90482, 92326), (85464, 86061, 95033))
 504 | [Case 222]       ((76887, 33336, 83846), (83074, 31987, 84708))
 505 | [Case 222]       ((96849, 97043, 40117), (92021, 97855, 44231))
 506 | [Case 222]       ((64548, 58791, 22733), (65671, 62966, 18020))
 507 | [Case 222]       ((94781, 22356, 89130), (89626, 26125, 88684))
 508 | [Case 33333]     ((23927, 5139, 64991), (27938, 8896, 61658))
 509 | [Case 222]       ((59430, 8744, 59065), (58039, 12150, 64350))
 510 | [Case 1]         ((92977, 7922, 39237), (96124, 8982, 33717))
 511 | [Case 33333]     ((37872, 41021, 26639), (32007, 38433, 27365))
 512 | [Case 222]       ((80327, 55550, 62066), (77249, 53174, 67221))
 513 | [Case 222]       ((87237, 85405, 58405), (86146, 82588, 64118))
 514 | [Case 222]       ((96849, 97043, 40117), (99468, 92618, 36194))
 515 | [Case 222]       ((25053, 76673, 33120), (27322, 81956, 30147))
 516 | [Case 222]       ((38468, 71954, 11521), (33175, 73054, 15087))
 517 | [Case 1]         ((28130, 35107, 35078), (28839, 35200, 41516))
 518 | [Case 1]         ((18481, 19260, 49858), (19632, 23508, 54632))
 519 | [Case 33333]     ((14597, 96972, 68308), (18700, 92529, 65943))
 520 | [Case 222]       ((34446, 27516, 47919), (36757, 31448, 43294))
 521 | [Case 1]         ((80471, 50530, 11972), (83373, 44733, 11388))
 522 | [Case 222]       ((42633, 86696, 82199), (42343, 83377, 87793))
 523 | [Case 222]       ((95254, 63286, 61506), (97317, 64384, 55427))
 524 | [Case 222]       ((74695, 59300, 2908), (78464, 64558, 2111))
 525 | [Case 33333]     ((59430, 8744, 59065), (65868, 9002, 58067))
 526 | [Case 222]       ((58712, 7565, 62300), (64933, 8526, 64002))
 527 | [Case 222]       ((99659, 98325, 33041), (99468, 92618, 36194))
 528 | [Case 222]       ((42492, 42797, 26851), (40964, 46129, 21454))
 529 | [Case 33333]     ((3245, 76163, 61347), (3793, 69692, 61987))
 530 | [Case 222]       ((62511, 34454, 22028), (59875, 30347, 17688))
 531 | [Case 222]       ((45104, 75752, 76799), (42458, 80225, 80761))
 532 | [Case 222]       ((17797, 63649, 5421), (22969, 60454, 3019))
 533 | [Case 222]       ((5730, 58493, 83752), (2853, 56042, 78418))
 534 | [Case 222]       ((48977, 22052, 63240), (50330, 24608, 57377))
 535 | [Case 33333]     ((52677, 52481, 80848), (49108, 54152, 86067))
 536 | [Case 222]       ((33421, 11122, 44534), (33363, 16830, 41341))
 537 | [Case 33333]     ((50679, 17541, 58807), (48977, 22052, 63240))
 538 | [Case 222]       ((19493, 34222, 9676), (13679, 31584, 8119))
 539 | [Case 222]       ((39893, 75693, 76748), (42458, 80225, 80761))
 540 | [Case 222]       ((97347, 77651, 59272), (98898, 81630, 64272))
 541 | [Case 222]       ((77516, 37867, 8447), (79191, 40945, 2873))
 542 | [Case 222]       ((49683, 5690, 55928), (43102, 5408, 55528))
 543 | [Case 222]       ((31592, 51736, 71922), (32919, 58002, 70330))
 544 | [Case 222]       ((53866, 49716, 27046), (60259, 51232, 27707))
 545 | [Case 222]       ((60761, 28358, 26971), (55187, 31408, 25113))
 546 | [Case 222]       ((10942, 63928, 40482), (14592, 58709, 42298))
 547 | [Case 222]       ((30077, 19424, 89297), (25868, 18246, 94276))
 548 | [Case 222]       ((32756, 99473, 28151), (26157, 99635, 28726))
 549 | [Case 1]         ((83389, 52825, 40332), (87421, 58084, 40337))
 550 | [Case 222]       ((82688, 28095, 90062), (83074, 31987, 84708))
 551 | [Case 222]       ((42633, 86696, 82199), (42458, 80225, 80761))
 552 | [Case 222]       ((59430, 8744, 59065), (64702, 11047, 55743))
 553 | [Case 222]       ((28901, 96269, 28269), (25034, 90866, 28422))
 554 | [Case 33333]     ((84247, 10555, 21525), (90740, 9843, 22753))
 555 | [Case 222]       ((3245, 76163, 61347), (8629, 77098, 57562))
 556 | [Case 33333]     ((79339, 68769, 73567), (79029, 67987, 80170))
 557 | [Case 222]       ((34061, 30331, 40229), (34668, 32948, 34128))
 558 | [Case 222]       ((3793, 69692, 61987), (8987, 73669, 60701))
 559 | [Case 33333]     ((26683, 73845, 13775), (33175, 73054, 15087))
 560 | [Case 33333]     ((51139, 14589, 18029), (49000, 20747, 16610))
 561 | [Case 222]       ((33421, 11122, 44534), (33155, 7678, 50248))
 562 | [Case 222]       ((21219, 17098, 20196), (23033, 20299, 25777))
 563 | [Case 1]         ((42723, 6368, 69433), (43922, 5329, 75930))
 564 | [Case 222]       ((65342, 53512, 50487), (68627, 48185, 52853))
 565 | [Case 33333]     ((39893, 75693, 76748), (41355, 69357, 75152))
 566 | [Case 222]       ((38286, 88718, 29055), (44110, 85980, 30907))
 567 | [Case 33333]     ((37797, 8225, 55058), (33155, 7678, 50248))
 568 | [Case 222]       ((39255, 42779, 3582), (45867, 42929, 4707))
 569 | [Case 222]       ((49973, 37716, 3667), (45867, 42929, 4707))
 570 | [Case 222]       ((91956, 1994, 12689), (94949, 3440, 6846))
 571 | [Case 222]       ((76887, 33336, 83846), (74506, 27157, 85004))
 572 | [Case 222]       ((24160, 13764, 60694), (21637, 10732, 66140))
 573 | [Case 1]         ((81429, 8071, 80101), (75440, 8842, 77130))
 574 | [Case 222]       ((60782, 6262, 94456), (65854, 4331, 90471))
 575 | [Case 222]       ((61447, 25456, 55050), (57639, 30379, 57623))
 576 | [Case 1]         ((70525, 76545, 22957), (73365, 70640, 24531))
 577 | [Case 222]       ((64045, 32498, 33659), (65778, 26482, 36156))
 578 | [Case 222]       ((58565, 29759, 62217), (56390, 31022, 55962))
 579 | [Case 222]       ((23891, 9203, 9409), (19309, 13679, 7280))
 580 | [Case 222]       ((69389, 5970, 65443), (74063, 1274, 66797))
 581 | [Case 222]       ((5693, 64363, 10400), (2245, 58739, 11891))
 582 | [Case 222]       ((12993, 57528, 39678), (10942, 63928, 40482))
 583 | [Case 222]       ((36757, 49224, 75510), (31592, 51736, 71922))
 584 | [Case 1]         ((48018, 47385, 38457), (49182, 40713, 38512))
 585 | [Case 33333]     ((97317, 64384, 55427), (94015, 65653, 49633))
 586 | [Case 1]         ((92920, 45005, 49137), (89936, 41989, 43837))
 587 | [Case 33333]     ((77608, 55827, 42255), (83389, 52825, 40332))
 588 | [Case 222]       ((17630, 75121, 76055), (13467, 69899, 77356))
 589 | [Case 222]       ((56023, 75277, 92791), (50004, 73934, 89916))
 590 | [Case 222]       ((25424, 36880, 26619), (32007, 38433, 27365))
 591 | [Case 222]       ((11490, 4261, 81335), (18238, 3393, 81487))
 592 | [Case 222]       ((77028, 54254, 68031), (73909, 49777, 63959))
 593 | [Case 222]       ((95323, 26529, 6666), (93661, 26166, 58))
 594 | [Case 222]       ((62421, 1273, 99707), (60103, 395, 93349))
 595 | [Case 222]       ((51889, 15446, 24769), (51139, 14589, 18029))
 596 | [Case 222]       ((3279, 6388, 38974), (8100, 8123, 34449))
 597 | [Case 33333]     ((36757, 49224, 75510), (42284, 46996, 78862))
 598 | [Case 222]       ((14592, 58709, 42298), (13403, 64647, 39110))
 599 | [Case 222]       ((43039, 91569, 27101), (44110, 85980, 30907))
 600 | [Case 1]         ((38974, 30433, 62324), (39161, 37244, 61639))
 601 | [Case 222]       ((82302, 2328, 69379), (85322, 8463, 68946))
 602 | [Case 222]       ((70042, 3388, 95815), (65854, 4331, 90471))
 603 | [Case 222]       ((44327, 80083, 82821), (42633, 86696, 82199))
 604 | [Case 33333]     ((77556, 73051, 19667), (73365, 70640, 24531))
 605 | [Case 222]       ((73884, 45102, 4144), (79191, 40945, 2873))
 606 | [Case 33333]     ((2172, 23609, 33134), (1580, 17045, 31226))
 607 | [Case 222]       ((22969, 60454, 3019), (16408, 58445, 2949))
 608 | [Case 33333]     ((42012, 64287, 45613), (39020, 70123, 43587))
 609 | [Case 222]       ((5693, 64363, 10400), (1562, 68234, 14283))
 610 | [Case 1]         ((87845, 7030, 30673), (89591, 12886, 27491))
 611 | [Case 222]       ((11490, 4261, 81335), (5463, 3603, 84621))
 612 | [Case 222]       ((89322, 40368, 16075), (84747, 42782, 20644))
 613 | [Case 222]       ((81760, 73356, 83549), (79029, 67987, 80170))
 614 | [Case 1]         ((61540, 81157, 2536), (55602, 78078, 810))
 615 | [Case 222]       ((32016, 26275, 61686), (27882, 22681, 57450))
 616 | [Case 1]         ((49379, 4450, 14581), (49097, 4572, 21500))
 617 | [Case 222]       ((42633, 86696, 82199), (45355, 91180, 77658))
 618 | [Case 222]       ((77028, 54254, 68031), (80327, 55550, 62066))
 619 | [Case 222]       ((44277, 78631, 74257), (42458, 80225, 80761))
 620 | [Case 33333]     ((48751, 28626, 68887), (49342, 30140, 75635))
 621 | [Case 222]       ((63019, 14529, 81541), (61796, 10047, 86707))
 622 | [Case 33333]     ((28130, 35107, 35078), (34668, 32948, 34128))
 623 | [Case 1]         ((87388, 24641, 76611), (88456, 31118, 78901))
 624 | [Case 222]       ((58734, 12813, 93331), (60782, 6262, 94456))
 625 | [Case 222]       ((38828, 32104, 9941), (35488, 27107, 6433))
 626 | [Case 222]       ((72273, 25629, 79790), (70925, 27458, 73209))
 627 | [Case 1]         ((33981, 82194, 7139), (40178, 84289, 4735))
 628 | [Case 222]       ((4411, 76720, 43365), (4922, 74995, 50102))
 629 | [Case 222]       ((18243, 9918, 64315), (16703, 15738, 67863))
 630 | [Case 1]         ((54641, 45468, 39627), (48018, 47385, 38457))
 631 | [Case 222]       ((70409, 86003, 53267), (73868, 92046, 52577))
 632 | [Case 222]       ((66867, 90749, 85260), (70677, 85523, 82584))
 633 | [Case 222]       ((64103, 35009, 87751), (62590, 37774, 81498))
 634 | [Case 222]       ((84905, 44897, 54685), (85810, 50288, 50300))
 635 | [Case 222]       ((94781, 22356, 89130), (96985, 26279, 83742))
 636 | [Case 1]         ((76648, 36754, 87384), (76828, 41004, 81787))
 637 | [Case 222]       ((66867, 90749, 85260), (64088, 95524, 89608))
 638 | [Case 33333]     ((54976, 33660, 13882), (59875, 30347, 17688))
 639 | [Case 222]       ((11416, 94315, 78595), (10245, 87673, 80592))
 640 | [Case 33333]     ((92522, 24250, 36248), (87879, 29183, 38159))
 641 | [Case 1]         ((79834, 16349, 15805), (81300, 12609, 21588))
 642 | [Case 222]       ((70085, 63350, 17884), (65200, 65946, 22271))
 643 | [Case 222]       ((21655, 32525, 83863), (16042, 30571, 80036))
 644 | [Case 222]       ((9719, 78353, 55450), (8987, 73669, 60701))
 645 | [Case 222]       ((44690, 45237, 92374), (40445, 39894, 94277))
 646 | [Case 222]       ((56023, 75277, 92791), (53140, 81567, 94314))
 647 | [Case 222]       ((46971, 51884, 46607), (53904, 52999, 47549))
 648 | [Case 33333]     ((87261, 15497, 9325), (92701, 11033, 8492))
 649 | [Case 222]       ((81429, 8071, 80101), (82451, 1321, 78201))
 650 | [Case 222]       ((23982, 17818, 30473), (22487, 19467, 23743))
 651 | [Case 222]       ((42723, 6368, 69433), (37962, 8209, 64514))
 652 | [Case 222]       ((68867, 87118, 51532), (73868, 92046, 52577))
 653 | [Case 222]       ((40269, 83942, 85195), (37322, 77481, 85020))
 654 | [Case 222]       ((26683, 73845, 13775), (23789, 80289, 14574))
 655 | [Case 222]       ((4411, 76720, 43365), (7562, 77082, 36996))
 656 | [Case 222]       ((87261, 15497, 9325), (84525, 16669, 2859))
 657 | [Case 222]       ((26870, 86874, 87042), (33171, 86103, 83801))
 658 | [Case 1]         ((66229, 18737, 28210), (70322, 20731, 33700))
 659 | [Case 1]         ((1321, 2206, 66833), (6143, 1382, 72032))
 660 | [Case 222]       ((6791, 58359, 75467), (7353, 60195, 68591))
 661 | [Case 222]       ((65667, 33114, 60925), (67795, 38852, 64604))
 662 | [Case 33333]     ((22749, 75517, 27373), (18250, 80273, 24518))
 663 | [Case 1]         ((58778, 86392, 48138), (56592, 93084, 49353))
 664 | [Case 222]       ((88627, 81320, 88282), (84246, 76081, 86177))
 665 | [Case 222]       ((12993, 57528, 39678), (13403, 64647, 39110))
 666 | [Case 33333]     ((10015, 14899, 83513), (4563, 19145, 81655))
 667 | [Case 222]       ((35568, 1460, 86082), (35308, 6506, 91154))
 668 | [Case 1]         ((99752, 19457, 44469), (97595, 14829, 49488))
 669 | [Case 222]       ((13928, 2188, 41676), (18021, 7614, 43928))
 670 | [Case 222]       ((94781, 22356, 89130), (90645, 18837, 93805))
 671 | [Case 222]       ((33655, 78115, 20142), (33175, 73054, 15087))
 672 | [Case 222]       ((25424, 36880, 26619), (25924, 43803, 24817))
 673 | [Case 1]         ((20050, 70022, 15934), (25714, 65923, 14337))
 674 | [Case 222]       ((39161, 11324, 54577), (43102, 5408, 55528))
 675 | [Case 1]         ((35027, 72615, 31691), (32128, 71407, 38150))
 676 | [Case 222]       ((92110, 16433, 13196), (92701, 11033, 8492))
 677 | [Case 222]       ((79348, 24466, 89590), (74506, 27157, 85004))
 678 | [Case 222]       ((64548, 58791, 22733), (65200, 65946, 22271))
 679 | [Case 222]       ((92522, 24250, 36248), (99270, 23228, 33955))
 680 | [Case 33333]     ((80130, 15862, 52047), (84120, 21848, 52483))
 681 | [Case 222]       ((85014, 91091, 40109), (83744, 85541, 44536))
 682 | [Case 222]       ((15168, 81754, 21365), (16077, 80138, 28335))
 683 | [Case 33333]     ((20050, 70022, 15934), (14658, 74668, 14767))
 684 | [Case 222]       ((37322, 77481, 85020), (42458, 80225, 80761))
 685 | [Case 222]       ((50679, 17541, 58807), (50330, 24608, 57377))
 686 | [Case 1]         ((46928, 76088, 56216), (40845, 78442, 59344))
 687 | [Case 222]       ((16703, 15738, 67863), (21637, 10732, 66140))
 688 | [Case 222]       ((18617, 21317, 38820), (23987, 18134, 35158))
 689 | [Case 222]       ((38449, 27306, 75325), (35472, 29664, 81490))
 690 | [Case 222]       ((64933, 8526, 64002), (68473, 3345, 67618))
 691 | [Case 222]       ((25928, 39202, 66029), (29755, 35981, 71270))
 692 | [Case 222]       ((9375, 18576, 38078), (11818, 23644, 33508))
 693 | [Case 222]       ((4411, 76720, 43365), (9671, 71994, 41759))
 694 | [Case 1]         ((74025, 81110, 42924), (75233, 82278, 35868))
 695 | [Case 222]       ((34061, 30331, 40229), (28839, 35200, 41516))
 696 | [Case 222]       ((28006, 89891, 31612), (28901, 96269, 28269))
 697 | [Case 33333]     ((22683, 32867, 44570), (28839, 35200, 41516))
 698 | [Case 222]       ((23789, 80289, 14574), (24143, 74922, 19470))
 699 | [Case 33333]     ((38890, 93314, 87739), (43867, 92785, 82458))
 700 | [Case 33333]     ((43039, 91569, 27101), (43287, 87873, 20836))
 701 | [Case 222]       ((41602, 51966, 15764), (47660, 47949, 15349))
 702 | [Case 33333]     ((85826, 87155, 91616), (88627, 81320, 88282))
 703 | [Case 222]       ((7562, 77082, 36996), (9671, 71994, 41759))
 704 | [Case 1]         ((4274, 66951, 21820), (7127, 60262, 21351))
 705 | [Case 222]       ((50679, 17541, 58807), (44028, 17019, 55871))
 706 | [Case 222]       ((24378, 8671, 8816), (19309, 13679, 7280))
 707 | [Case 222]       ((20050, 70022, 15934), (24143, 74922, 19470))
 708 | [Case 33333]     ((63176, 51005, 21009), (60259, 51232, 27707))
 709 | [Case 33333]     ((29667, 60799, 34449), (35673, 56989, 32731))
 710 | [Case 222]       ((40524, 60073, 88070), (43898, 55843, 83140))
 711 | [Case 222]       ((54641, 45468, 39627), (49182, 40713, 38512))
 712 | [Case 222]       ((21705, 9749, 16383), (23891, 9203, 9409))
 713 | [Case 222]       ((92920, 45005, 49137), (86238, 46158, 46327))
 714 | [Case 1]         ((9279, 7337, 51272), (11751, 12906, 47175))
 715 | [Case 222]       ((89626, 26125, 88684), (82688, 28095, 90062))
 716 | [Case 222]       ((88627, 81320, 88282), (95038, 84112, 90536))
 717 | [Case 33333]     ((4546, 45665, 38095), (9460, 45760, 43556))
 718 | [Case 222]       ((9279, 7337, 51272), (5735, 12688, 47695))
 719 | [Case 222]       ((38828, 32104, 9941), (45095, 35749, 11161))
 720 | [Case 222]       ((27376, 41549, 87340), (29798, 48407, 86196))
 721 | [Case 222]       ((14848, 77120, 76935), (13467, 69899, 77356))
 722 | [Case 222]       ((83916, 20903, 32156), (91162, 20169, 33286))
 723 | [Case 222]       ((31161, 82423, 38417), (32147, 87500, 43671))
 724 | [Case 1]         ((47087, 14206, 62787), (49807, 16326, 56255))
 725 | [Case 222]       ((70343, 10057, 70075), (68473, 3345, 67618))
 726 | [Case 222]       ((25924, 43803, 24817), (28416, 48533, 19710))
 727 | [Case 1]         ((72736, 7600, 7404), (71563, 706, 9805))
 728 | [Case 222]       ((59430, 8744, 59065), (64933, 8526, 64002))
 729 | [Case 222]       ((59430, 8744, 59065), (66320, 8432, 56358))
 730 | [Case 222]       ((66867, 90749, 85260), (72340, 95653, 84256))
 731 | [Case 222]       ((60782, 6262, 94456), (62421, 1273, 99707))
 732 | [Case 222]       ((88666, 86040, 70195), (86146, 82588, 64118))
 733 | [Case 222]       ((25924, 43803, 24817), (29999, 37673, 23804))
 734 | [Case 222]       ((7555, 79111, 42076), (9671, 71994, 41759))
 735 | [Case 222]       ((98908, 11656, 41709), (92977, 7922, 39237))
 736 | [Case 222]       ((63835, 78602, 9131), (61540, 81157, 2536))
 737 | [Case 1]         ((18277, 83762, 36118), (19531, 87735, 42278))
 738 | [Case 222]       ((87089, 84404, 9087), (82023, 80202, 12550))
 739 | [Case 222]       ((26870, 86874, 87042), (21657, 84294, 91688))
 740 | [Case 33333]     ((96512, 27815, 76473), (96985, 26279, 83742))
 741 | [Case 222]       ((86976, 25288, 93185), (90645, 18837, 93805))
 742 | [Case 222]       ((18243, 9918, 64315), (23927, 5139, 64991))
 743 | [Case 33333]     ((27376, 41549, 87340), (23887, 36240, 91247))
 744 | [Case 222]       ((45104, 75752, 76799), (44327, 80083, 82821))
 745 | [Case 222]       ((31592, 51736, 71922), (34729, 58048, 74365))
 746 | [Case 222]       ((68867, 87118, 51532), (70360, 91658, 45795))
 747 | [Case 222]       ((57828, 30814, 51314), (61447, 25456, 55050))
 748 | [Case 222]       ((74786, 72169, 58764), (72863, 67511, 53244))
 749 | [Case 1]         ((18814, 77583, 68341), (12611, 73426, 68675))
 750 | [Case 222]       ((51889, 15446, 24769), (57872, 17668, 20869))
 751 | [Case 222]       ((79339, 68769, 73567), (77719, 69111, 66268))
 752 | [Case 1]         ((72536, 46575, 91020), (68834, 48419, 84771))
 753 | [Case 33333]     ((81429, 8071, 80101), (78991, 8829, 87148))
 754 | [Case 222]       ((2413, 33459, 42972), (1855, 40578, 40676))
 755 | [Case 222]       ((91944, 23556, 92569), (91579, 24335, 85116))
 756 | [Case 222]       ((41125, 22366, 69997), (48304, 23633, 68219))
 757 | [Case 222]       ((92920, 45005, 49137), (88262, 50113, 46200))
 758 | [Case 222]       ((56140, 31963, 72997), (49342, 30140, 75635))
 759 | [Case 222]       ((29418, 15826, 82728), (30077, 19424, 89297))
 760 | [Case 222]       ((70605, 28653, 41500), (65778, 26482, 36156))
 761 | [Case 1]         ((57733, 62512, 9959), (52393, 65428, 14381))
 762 | [Case 222]       ((98451, 33666, 3142), (93410, 36900, 7712))
 763 | [Case 222]       ((44262, 26034, 19148), (49000, 20747, 16610))
 764 | [Case 222]       ((13014, 94583, 70448), (18700, 92529, 65943))
 765 | [Case 222]       ((65854, 4331, 90471), (60103, 395, 93349))
 766 | [Case 1]         ((26472, 93800, 10034), (23182, 91769, 16509))
 767 | [Case 222]       ((18557, 37321, 20329), (20176, 37261, 12962))
 768 | [Case 222]       ((35673, 56989, 32731), (40880, 55241, 37903))
 769 | [Case 222]       ((53127, 45701, 77567), (52677, 52481, 80848))
 770 | [Case 1]         ((87456, 17177, 75503), (87388, 24641, 76611))
 771 | [Case 222]       ((28372, 92780, 26475), (26157, 99635, 28726))
 772 | [Case 33333]     ((40269, 83942, 85195), (33171, 86103, 83801))
 773 | [Case 1]         ((96899, 69097, 19964), (91469, 66012, 24224))
 774 | [Case 222]       ((42987, 4475, 38792), (37801, 348, 42430))
 775 | [Case 222]       ((13657, 37619, 78679), (16042, 30571, 80036))
 776 | [Case 222]       ((45647, 1510, 36341), (41456, 3160, 42417))
 777 | [Case 222]       ((85826, 87155, 91616), (89852, 93466, 92722))
 778 | [Case 222]       ((36912, 10653, 3612), (39426, 3613, 2427))
 779 | [Case 222]       ((41777, 94440, 51798), (34735, 97082, 50944))
 780 | [Case 222]       ((56390, 31022, 55962), (61447, 25456, 55050))
 781 | [Case 222]       ((66203, 33324, 20613), (59875, 30347, 17688))
 782 | [Case 222]       ((6440, 33788, 7666), (13679, 31584, 8119))
 783 | [Case 222]       ((21607, 20985, 70299), (16703, 15738, 67863))
 784 | [Case 222]       ((45104, 75752, 76799), (41355, 69357, 75152))
 785 | [Case 222]       ((90740, 9843, 22753), (97803, 9680, 25555))
 786 | [Case 222]       ((20105, 65555, 46276), (13987, 67227, 50467))
 787 | [Case 222]       ((44028, 17019, 55871), (39161, 11324, 54577))
 788 | [Case 222]       ((16667, 58520, 83077), (15478, 65705, 80888))
 789 | [Case 222]       ((1385, 12120, 2103), (8480, 9408, 2694))
 790 | [Case 33333]     ((14592, 58709, 42298), (15878, 64219, 47401))
 791 | [Case 222]       ((56010, 58426, 86326), (54765, 65537, 83876))
 792 | [Case 222]       ((26472, 93800, 10034), (30685, 97688, 5005))
 793 | [Case 222]       ((28372, 92780, 26475), (33646, 92488, 20973))
 794 | [Case 222]       ((57733, 62512, 9959), (62680, 57099, 12086))
 795 | [Case 33333]     ((6385, 61379, 13827), (7127, 60262, 21351))
 796 | [Case 222]       ((73868, 92046, 52577), (70360, 91658, 45795))
 797 | [Case 222]       ((72273, 25629, 79790), (70355, 19296, 75958))
 798 | [Case 222]       ((22783, 62171, 52589), (20105, 65555, 46276))
 799 | [Case 222]       ((47924, 71448, 88241), (42245, 75785, 90976))
 800 | [Case 1]         ((44126, 77355, 48913), (41749, 70400, 51087))
 801 | [Case 222]       ((23085, 86937, 86983), (27698, 92333, 84080))
 802 | [Case 222]       ((60761, 28358, 26971), (55973, 34327, 27500))
 803 | [Case 222]       ((64045, 32498, 33659), (63223, 39329, 30263))
 804 | [Case 222]       ((44262, 26034, 19148), (51492, 24119, 20873))
 805 | [Case 222]       ((9719, 78353, 55450), (10378, 82781, 49213))
 806 | [Case 222]       ((10015, 14899, 83513), (4948, 20024, 80864))
 807 | [Case 222]       ((47949, 12251, 24612), (51139, 14589, 18029))
 808 | [Case 222]       ((21724, 39432, 24701), (24295, 44659, 19695))
 809 | [Case 222]       ((91019, 31306, 88306), (91579, 24335, 85116))
 810 | [Case 33333]     ((7324, 83986, 42261), (10378, 82781, 49213))
 811 | [Case 222]       ((19804, 32996, 78873), (13657, 37619, 78679))
 812 | [Case 222]       ((61044, 36246, 67218), (67795, 38852, 64604))
 813 | [Case 222]       ((59322, 7983, 83199), (63019, 14529, 81541))
 814 | [Case 33333]     ((85170, 27665, 28695), (83916, 20903, 32156))
 815 | [Case 222]       ((86309, 76577, 53407), (81242, 81804, 50899))
 816 | [Case 1]         ((96330, 49795, 27743), (97586, 42417, 25919))
 817 | [Case 1]         ((69742, 89688, 69189), (74238, 83452, 68646))
 818 | [Case 222]       ((42458, 80225, 80761), (42343, 83377, 87793))
 819 | [Case 222]       ((72273, 25629, 79790), (77350, 24300, 85435))
 820 | [Case 222]       ((49973, 37716, 3667), (53289, 31091, 1538))
 821 | [Case 222]       ((92522, 24250, 36248), (89676, 29785, 40798))
 822 | [Case 222]       ((30566, 83958, 45950), (31161, 82423, 38417))
 823 | [Case 222]       ((17976, 31515, 92776), (23887, 36240, 91247))
 824 | [Case 222]       ((96849, 97043, 40117), (99659, 98325, 33041))
 825 | [Case 222]       ((82418, 74175, 51260), (81242, 81804, 50899))
 826 | [Case 33333]     ((70322, 20731, 33700), (65778, 26482, 36156))
 827 | [Case 1]         ((8862, 92579, 95051), (3973, 86962, 92955))
 828 | [Case 222]       ((90689, 57275, 47832), (88262, 50113, 46200))
 829 | [Case 1]         ((43692, 87112, 58903), (50093, 88193, 54694))
 830 | [Case 222]       ((59430, 8744, 59065), (58052, 2694, 54440))
 831 | [Case 33333]     ((46755, 64345, 72771), (41355, 69357, 75152))
 832 | [Case 33333]     ((41125, 22366, 69997), (38449, 27306, 75325))
 833 | [Case 222]       ((90645, 18837, 93805), (93753, 13225, 98146))
 834 | [Case 222]       ((22101, 92810, 35689), (28006, 89891, 31612))
 835 | [Case 1]         ((96899, 69097, 19964), (95219, 62215, 16829))
 836 | [Case 33333]     ((79396, 82070, 86971), (84246, 76081, 86177))
 837 | [Case 222]       ((6440, 33788, 7666), (9132, 38616, 2237))
 838 | [Case 222]       ((29156, 19635, 87395), (25868, 18246, 94276))
 839 | [Case 222]       ((924, 66417, 68406), (3793, 69692, 61987))
 840 | [Case 222]       ((12561, 69095, 32809), (13403, 64647, 39110))
 841 | [Case 222]       ((7324, 83986, 42261), (8593, 90771, 38718))
 842 | [Case 222]       ((81429, 8071, 80101), (76687, 5465, 85663))
 843 | [Case 222]       ((64933, 8526, 64002), (66320, 8432, 56358))
 844 | [Case 33333]     ((96781, 15627, 26322), (89591, 12886, 27491))
 845 | [Case 33333]     ((39001, 3690, 7239), (41406, 9583, 11723))
 846 | [Case 222]       ((6258, 55197, 99423), (5650, 57474, 92000))
 847 | [Case 222]       ((44327, 80083, 82821), (37322, 77481, 85020))
 848 | [Case 33333]     ((83744, 85541, 44536), (81242, 81804, 50899))
 849 | [Case 222]       ((64933, 8526, 64002), (58039, 12150, 64350))
 850 | [Case 33333]     ((58734, 12813, 93331), (61796, 10047, 86707))
 851 | [Case 222]       ((9460, 45760, 43556), (13391, 43939, 50050))
 852 | [Case 222]       ((5563, 67180, 54475), (2701, 67468, 47217))
 853 | [Case 222]       ((20924, 40938, 94352), (22877, 48187, 92202))
 854 | [Case 222]       ((41148, 22709, 98782), (43142, 25348, 91689))
 855 | [Case 222]       ((50779, 16156, 23814), (57872, 17668, 20869))
 856 | [Case 222]       ((87918, 68501, 91208), (86884, 75010, 95436))
 857 | [Case 222]       ((8854, 18274, 88147), (4563, 19145, 81655))
 858 | [Case 33333]     ((31491, 73798, 80791), (29986, 66128, 80237))
 859 | [Case 222]       ((2853, 56042, 78418), (10517, 55801, 76775))
 860 | [Case 33333]     ((22683, 32867, 44570), (27097, 37539, 49074))
 861 | [Case 1]         ((63913, 6212, 12845), (57000, 2609, 11901))
 862 | [Case 1]         ((69425, 60079, 4006), (65473, 53459, 2508))
 863 | [Case 222]       ((10378, 82781, 49213), (15365, 76946, 47548))
 864 | [Case 222]       ((96116, 63481, 74083), (88558, 65641, 74103))
 865 | [Case 33333]     ((85165, 72756, 93244), (84246, 76081, 86177))
 866 | [Case 33333]     ((44277, 78631, 74257), (36686, 78305, 72207))
 867 | [Case 33333]     ((43986, 11987, 16027), (51139, 14589, 18029))
 868 | [Case 222]       ((96512, 27815, 76473), (96092, 35664, 75968))
 869 | [Case 222]       ((96389, 70509, 65017), (98448, 74985, 58863))
 870 | [Case 222]       ((76207, 89368, 5983), (71630, 83648, 3051))
 871 | [Case 222]       ((41132, 73317, 39761), (41239, 81076, 41195))
 872 | [Case 222]       ((29156, 19635, 87395), (31667, 13564, 83006))
 873 | [Case 222]       ((38101, 81086, 66920), (43482, 81945, 61193))
 874 | [Case 222]       ((7324, 83986, 42261), (4411, 76720, 43365))
 875 | [Case 222]       ((49483, 1285, 79832), (43922, 5329, 75930))
 876 | [Case 222]       ((10424, 94724, 19596), (3864, 98995, 18483))
 877 | [Case 222]       ((37872, 41021, 26639), (40964, 46129, 21454))
 878 | [Case 222]       ((89322, 40368, 16075), (84519, 41045, 22322))
 879 | [Case 222]       ((96884, 73729, 92494), (94327, 67660, 96875))
 880 | [Case 33333]     ((37322, 77481, 85020), (42245, 75785, 90976))
 881 | [Case 222]       ((94741, 41960, 65549), (97292, 35580, 61615))
 882 | [Case 33333]     ((272, 39922, 32944), (1855, 40578, 40676))
 883 | [Case 222]       ((67042, 31004, 65372), (67795, 38852, 64604))
 884 | [Case 33333]     ((44717, 45687, 71437), (42284, 46996, 78862))
 885 | [Case 33333]     ((46928, 76088, 56216), (44126, 77355, 48913))
 886 | [Case 1]         ((9059, 18139, 15887), (1583, 20498, 14718))
 887 | [Case 222]       ((57872, 17668, 20869), (51139, 14589, 18029))
 888 | [Case 222]       ((9719, 78353, 55450), (4922, 74995, 50102))
 889 | [Case 222]       ((18243, 9918, 64315), (24160, 13764, 60694))
 890 | [Case 1]         ((36772, 1831, 22505), (36213, 3442, 30257))
 891 | [Case 33333]     ((76887, 33336, 83846), (76828, 41004, 81787))
 892 | [Case 222]       ((27938, 8896, 61658), (21637, 10732, 66140))
 893 | [Case 222]       ((26683, 73845, 13775), (20050, 70022, 15934))
 894 | [Case 222]       ((65681, 34253, 5404), (72076, 30317, 2779))
 895 | [Case 222]       ((65854, 4331, 90471), (61796, 10047, 86707))
 896 | [Case 222]       ((66229, 18737, 28210), (71477, 17308, 34020))
 897 | [Case 33333]     ((65667, 33114, 60925), (58565, 29759, 62217))
 898 | [Case 222]       ((45730, 85273, 68068), (43482, 81945, 61193))
 899 | [Case 222]       ((83074, 31987, 84708), (88456, 31118, 78901))
 900 | [Case 1]         ((82793, 31179, 73125), (90497, 30422, 71177))
 901 | [Case 33333]     ((39020, 70123, 43587), (41749, 70400, 51087))
 902 | [Case 222]       ((67795, 38852, 64604), (69701, 39790, 72304))
 903 | [Case 33333]     ((97423, 98668, 25380), (99659, 98325, 33041))
 904 | [Case 222]       ((23589, 19704, 68759), (16703, 15738, 67863))
 905 | [Case 222]       ((16705, 34021, 21616), (21724, 39432, 24701))
 906 | [Case 222]       ((26683, 73845, 13775), (25714, 65923, 14337))
 907 | [Case 33333]     ((77516, 37867, 8447), (77112, 41664, 15486))
 908 | [Case 33333]     ((73722, 31916, 17090), (77885, 38665, 18214))
 909 | [Case 222]       ((37872, 41021, 26639), (29871, 40790, 26355))
 910 | [Case 222]       ((40668, 35949, 92624), (45980, 37733, 86899))
 911 | [Case 33333]     ((36757, 31448, 43294), (36627, 39399, 42301))
 912 | [Case 33333]     ((88039, 91947, 40553), (92021, 97855, 44231))
 913 | [Case 222]       ((77350, 24300, 85435), (82688, 28095, 90062))
 914 | [Case 33333]     ((90497, 30422, 71177), (88456, 31118, 78901))
 915 | [Case 222]       ((84839, 44818, 56086), (85810, 50288, 50300))
 916 | [Case 222]       ((39717, 95840, 88611), (43867, 92785, 82458))
 917 | [Case 33333]     ((38286, 88718, 29055), (30996, 86059, 31116))
 918 | [Case 222]       ((38140, 9182, 86442), (39577, 15878, 90642))
 919 | [Case 222]       ((3297, 57607, 45399), (7766, 54505, 51313))
 920 | [Case 33333]     ((62511, 34454, 22028), (60761, 28358, 26971))
 921 | [Case 222]       ((91715, 79796, 15038), (98505, 75480, 14928))
 922 | [Case 222]       ((50004, 73934, 89916), (42245, 75785, 90976))
 923 | [Case 33333]     ((22749, 75517, 27373), (24143, 74922, 19470))
 924 | [Case 222]       ((71883, 74928, 31178), (73365, 70640, 24531))
 925 | [Case 33333]     ((5631, 37147, 78318), (13657, 37619, 78679))
 926 | [Case 222]       ((72488, 28302, 20259), (66203, 33324, 20613))
 927 | [Case 1]         ((52520, 72889, 33096), (59390, 74144, 29086))
 928 | [Case 33333]     ((47334, 42313, 15272), (45095, 35749, 11161))
 929 | [Case 222]       ((22783, 62171, 52589), (30140, 59180, 51191))
 930 | [Case 1]         ((39277, 67610, 18267), (38468, 71954, 11521))
 931 | [Case 222]       ((22101, 92810, 35689), (15916, 97256, 33033))
 932 | [Case 222]       ((44028, 17019, 55871), (47087, 14206, 62787))
 933 | [Case 222]       ((38523, 65388, 96895), (40983, 57702, 96670))
 934 | [Case 222]       ((68627, 48185, 52853), (72783, 41359, 54003))
 935 | [Case 222]       ((22101, 92810, 35689), (25034, 90866, 28422))
 936 | [Case 222]       ((98073, 93433, 71746), (97636, 89200, 78614))
 937 | [Case 222]       ((47087, 14206, 62787), (48977, 22052, 63240))
 938 | [Case 222]       ((63415, 34654, 98147), (62191, 41378, 93826))
 939 | [Case 33333]     ((83373, 44733, 11388), (77112, 41664, 15486))
 940 | [Case 222]       ((94949, 3440, 6846), (92701, 11033, 8492))
 941 | [Case 222]       ((82793, 31179, 73125), (88456, 31118, 78901))
 942 | [Case 33333]     ((31491, 73798, 80791), (37322, 77481, 85020))
 943 | [Case 222]       ((64548, 58791, 22733), (63176, 51005, 21009))
 944 | [Case 222]       ((52393, 65428, 14381), (56863, 72091, 13327))
 945 | [Case 33333]     ((83389, 52825, 40332), (88262, 50113, 46200))
 946 | [Case 222]       ((24378, 8671, 8816), (21705, 9749, 16383))
 947 | [Case 222]       ((27322, 81956, 30147), (28006, 89891, 31612))
 948 | [Case 222]       ((27097, 37539, 49074), (28839, 35200, 41516))
 949 | [Case 222]       ((49798, 7977, 84396), (49483, 1285, 79832))
 950 | [Case 33333]     ((96389, 70509, 65017), (95254, 63286, 61506))
 951 | [Case 222]       ((4274, 66951, 21820), (1562, 68234, 14283))
 952 | [Case 222]       ((3793, 69692, 61987), (5563, 67180, 54475))
 953 | [Case 222]       ((30996, 86059, 31116), (25034, 90866, 28422))
 954 | [Case 222]       ((56010, 58426, 86326), (49108, 54152, 86067))
 955 | [Case 33333]     ((35276, 15066, 12005), (42718, 11835, 12412))
 956 | [Case 33333]     ((32016, 26275, 61686), (29132, 20134, 66154))
 957 | [Case 222]       ((36912, 10653, 3612), (39001, 3690, 7239))
 958 | [Case 222]       ((32016, 26275, 61686), (38974, 30433, 62324))
 959 | [Case 222]       ((768, 10197, 5147), (8480, 9408, 2694))
 960 | [Case 222]       ((16705, 34021, 21616), (23130, 35492, 16852))
 961 | [Case 222]       ((44745, 37889, 73746), (44717, 45687, 71437))
 962 | [Case 222]       ((29871, 40790, 26355), (26815, 44357, 32995))
 963 | [Case 222]       ((19493, 34222, 9676), (23130, 35492, 16852))
 964 | [Case 222]       ((35568, 1460, 86082), (38140, 9182, 86442))
 965 | [Case 222]       ((37962, 8209, 64514), (33165, 6138, 70765))
 966 | [Case 222]       ((81760, 73356, 83549), (75265, 68549, 82505))
 967 | [Case 222]       ((48732, 98527, 50644), (41777, 94440, 51798))
 968 | [Case 222]       ((63382, 95172, 43473), (70360, 91658, 45795))
 969 | [Case 222]       ((79339, 68769, 73567), (79777, 67887, 81662))
 970 | [Case 222]       ((77885, 38665, 18214), (84519, 41045, 22322))
 971 | [Case 33333]     ((30996, 86059, 31116), (31161, 82423, 38417))
 972 | [Case 1]         ((26049, 18139, 44718), (33363, 16830, 41341))
 973 | [Case 222]       ((77556, 73051, 19667), (78237, 66306, 15120))
 974 | [Case 222]       ((31667, 13564, 83006), (24593, 14984, 79185))
 975 | [Case 1]         ((7555, 79111, 42076), (6559, 87210, 41729))
 976 | [Case 222]       ((41245, 41537, 72873), (42284, 46996, 78862))
 977 | [Case 222]       ((22749, 75517, 27373), (16077, 80138, 28335))
 978 | [Case 222]       ((32756, 99473, 28151), (28372, 92780, 26475))
 979 | [Case 33333]     ((41602, 51966, 15764), (40964, 46129, 21454))
 980 | [Case 222]       ((61044, 36246, 67218), (67042, 31004, 65372))
 981 | [Case 33333]     ((18814, 77583, 68341), (17630, 75121, 76055))
 982 | [Case 222]       ((7562, 77082, 36996), (15660, 75914, 37229))
 983 | [Case 222]       ((1562, 68234, 14283), (2047, 72152, 7110))
 984 | [Case 222]       ((54236, 93295, 59577), (50093, 88193, 54694))
 985 | [Case 222]       ((64976, 46787, 77732), (68834, 48419, 84771))
 986 | [Case 222]       ((19250, 46736, 35065), (26815, 44357, 32995))
 987 | [Case 33333]     ((96001, 72537, 40036), (94279, 67943, 46602))
 988 | [Case 222]       ((34446, 27516, 47919), (34061, 30331, 40229))
 989 | [Case 222]       ((62421, 1273, 99707), (58451, 7947, 97053))
 990 | [Case 33333]     ((35061, 38109, 68705), (41245, 41537, 72873))
 991 | [Case 222]       ((42012, 64287, 45613), (41749, 70400, 51087))
 992 | [Case 222]       ((16720, 55369, 87998), (15780, 60440, 81608))
 993 | [Case 33333]     ((82793, 31179, 73125), (77718, 29802, 66815))
 994 | [Case 222]       ((35061, 38109, 68705), (39161, 37244, 61639))
 995 | [Case 222]       ((90689, 57275, 47832), (87421, 58084, 40337))
 996 | [Case 33333]     ((11839, 75124, 76872), (10672, 73139, 84766))
 997 | [Case 222]       ((37322, 77481, 85020), (42343, 83377, 87793))
 998 | [Case 222]       ((41406, 9583, 11723), (35276, 15066, 12005))
 999 | [Case 33333]     ((55866, 85507, 87621), (53140, 81567, 94314))